SensorData = [0.5 0.9 1.4 1.8 2.5 4.2 3.7]';
